1 8 1048 7183 1178 875 3871 6896 6832 6948 
1 4 7183 13231 10009 9979 
1 5 9979 7068 1176 11956 12038 
1 3 9979 7153 4135 
1 5 3790 3866 980 970 11805 
1 9 3790 6880 9765 6884 9819 11851 931 3930 6948 
1 4 11805 924 11885 3969 
1 4 11851 6902 3926 11885 
1 4 11885 3798 6924 9817 
1 4 11805 3861 799 6924 
1 6 9817 11673 6734 9689 11710 758 
1 7 9817 724 6941 877 920 918 11825 
1 5 11825 9827 3820 3794 3938 
1 6 3938 896 11820 9917 9839 3969 
1 3 6948 3986 896 
1 6 758 3761 6764 9719 13218 11707 
1 6 11825 4024 3920 726 3729 11707 
1 7 11825 6936 9870 885 11854 13220 740 
1 6 13220 11852 3902 6903 6878 3816 
1 8 3816 813 11766 9785 6993 3858 9767 3938 
1 10 3938 6914 11863 3953 11812 11807 4195 7111 10109 10024 
1 3 12038 4065 10109 
1 3 6896 9778 3953 
1 5 10024 4098 962 6959 6906 
1 7 6914 9852 6879 3945 3891 3799 6906 
1 7 6906 9896 6817 3873 6966 6812 9764 
1 5 3816 790 13225 6836 6812 
1 5 9764 854 6927 9824 9853 
3 7 9853 3946 6960 9898 11877 11849 11834 
1 4 11834 911 3928 9909 
4 7 9909 11891 3772 6788 6973 6946 9907 
4 12 9907 9879 11861 9924 782 6606 6793 9582 11584 628 11595 6626 
3 4 9582 3776 773 3780 
5 4 3780 776 3782 6780 
1 3 6780 9738 764 
4 8 764 3768 780 6786 6613 11794 648 3652 
3 4 6786 11716 9728 11877 
1 6 740 6756 743 9710 6777 9737 
2 6 9737 11565 11720 6775 11702 6766 
1 4 6766 943 6917 3946 
2 4 11565 6792 3598 620 
1 3 11565 9597 6657 
2 8 6657 11600 11616 11465 9510 6536 542 3552 
1 5 6449 9550 527 9495 11465 
2 5 527 539 11535 6599 9434 
4 5 9434 11563 6569 9534 11506 
3 9 11506 9523 9507 512 6533 9492 9478 503 11465 
2 7 512 3493 11631 9629 6651 3621 620 
3 5 512 6518 3506 3669 3652 
5 3 11506 11491 3506 
4 13 11506 11518 11549 13011 3546 5291 9559 11502 3629 549 9503 6529 678 
1 5 3652 9642 6698 698 678 
1 5 9642 3646 6666 11590 9620 
1 4 9620 9638 663 11623 
1 6 3780 9584 9600 658 661 11623 
1 6 11590 3612 9587 636 3641 9600 
5 6 11506 9561 454 3476 3536 575 
5 5 3536 11483 11606 9536 516 
3 5 3536 9500 11420 485 9434 
3 4 776 9741 11723 3772 
2 3 6631 603 3776 
2 4 6631 11598 3604 11584 
2 4 6631 6675 9633 673 
1 4 9633 6678 6680 661 
3 3 6626 11735 11564 
2 7 11564 591 11901 3943 3924 11816 6889 
4 13 9559 6583 11407 6537 11519 13068 11419 3262 9498 391 68 3314 6336 
5 3 516 6598 3262 
5 6 575 6446 6560 480 9431 9498 
1 8 11519 9574 6500 11456 6241 6286 9335 6336 
1 2 391 6241 
4 9 11456 3444 587 3547 11494 3423 11560 3558 549 
4 15 9503 6542 11486 9517 3530 6568 589 6488 6444 529 6570 6469 3512 9363 6241 
3 9 587 6469 495 6535 9509 405 3234 309 241 
3 4 241 11360 11318 9335 
4 7 241 3326 6349 6325 9347 6257 6389 
1 7 6389 317 11251 3277 6364 6235 394 
1 5 3277 3325 3260 6393 6287 
2 7 9517 519 3690 708 3705 11653 692 
4 3 11666 6690 9648 
5 6 11666 6739 9527 6552 6723 732 
2 4 532 3541 9515 11653 
1 2 732 532 
1 7 732 3703 6708 688 3675 11634 673 
3 5 11595 3631 9596 653 9648 
3 3 9596 6650 11564 
2 4 9515 3299 571 11544 
2 4 11544 11529 6555 9517 
2 11 11544 9572 6421 13116 3500 3561 6513 11493 6377 3271 3326 
1 4 13116 11445 3397 6488 
3 6 3561 425 6582 3535 11481 514 
3 9 514 6441 3499 9456 375 11219 9294 9320 9347 
4 11 3499 13284 11505 3207 6282 349 3340 9388 321 11305 9320 
3 5 9456 3522 9375 526 6377 
5 5 13284 6521 13282 13281 11505 
4 4 13284 9428 478 514 
1 8 11064 3159 6104 6046 9075 9161 11207 200 
1 6 200 11136 3150 159 3273 6395 
1 3 9392 9383 3273 
1 3 9383 6300 3150 
3 7 3273 6320 11218 11332 6399 6335 6384 
3 3 6399 9285 351 
1 4 351 11270 11317 11297 
4 5 11297 9269 9379 6318 6384 
4 4 6318 9315 11345 9297 
3 6 9297 7239 3369 6378 377 407 
2 4 3369 9484 3463 540 
2 4 3463 3422 6489 9458 
5 4 3501 13070 11333 6103 
4 4 6103 11374 221 271 
5 4 6103 9239 6221 3369 
3 6 6103 11221 9268 364 9250 11297 
3 3 9268 6270 9297 
3 3 13070 507 9458 
1 4 7394 11237 3342 11293 
1 4 11293 3359 3242 3379 
1 6 3379 3242 11303 11238 9255 9303 
1 5 6282 6334 9334 9361 11372 
1 4 6282 537 3473 444 
1 5 444 3438 6595 552 9570 
1 3 6595 9535 514 
3 4 11372 11343 9263 362 
1 7 444 11478 388 11260 11288 11316 11343 
2 5 388 6558 3460 3510 9570 
1 3 9596 3654 11581 
1 7 11581 624 9595 6647 11577 11580 11586 
1 6 11586 9599 3956 3922 6913 9809 
1 6 11965 1173 4193 7211 3988 4109 
1 6 4109 1109 976 11895 9916 9805 
1 4 976 863 6930 3844 
1 7 9805 914 11767 3884 9914 9780 9809 
1 4 6923 9862 9888 9902 
1 5 9902 9919 9783 11597 657 
1 4 6923 3937 3908 949 
1 7 949 3971 3952 3796 818 3636 9617 
1 7 949 935 11857 9906 6998 11583 11586 
1 6 935 907 3882 867 11762 9914 
1 8 3844 10163 11818 3936 6990 9791 893 6923 
1 9 949 965 9771 11657 3649 9606 11787 3617 619 
1 7 9791 11774 11905 849 3879 6895 9833 
1 3 9902 922 9833 
1 5 3924 6957 6983 9588 9595 
3 7 11577 619 3623 6670 11625 9660 9690 
4 6 9660 11663 9676 6720 3700 11666 
3 4 9690 6561 3537 11539 
3 5 11539 3484 9539 3718 6739 
4 10 3718 557 3569 3553 583 9429 11542 6440 3418 3585 
4 5 732 5283 6592 6418 3418 
1 6 11542 9414 3462 11414 6534 552 
3 10 3569 6562 3414 3583 9567 6464 11467 9511 6512 9570 
3 3 9567 13205 9427 
3 4 653 3673 3674 3675 
4 10 6946 11833 6875 6862 11751 9904 11846 923 9826 819 
2 14 11861 967 925 9838 3910 6831 3966 6939 6980 883 6843 9784 11837 11998 
3 3 9826 3923 3966 
2 11 11837 9856 10027 3901 12066 9990 4159 1156 3857 10074 7059 
1 2 4159 4014 
1 5 10027 3968 851 955 819 
1 6 11773 11874 11755 9863 6891 3838 
1 5 12100 7215 4199 12087 9945 
1 9 9945 10113 1194 10070 7069 11943 1102 7203 12857 
1 8 12100 989 4116 7132 11923 12760 9964 1145 
1 11 1145 11939 7166 4046 10078 12051 7081 1160 4163 9994 11969 
1 10 11969 10091 7162 11921 10026 7005 11957 12039 1189 1149 
1 5 7203 4108 10107 1207 4933 
1 5 4933 7958 12018 13074 1126 
1 5 9943 12888 7149 1967 1126 
1 4 9943 12034 11953 7081 
1 4 9943 3987 10082 7005 
1 4 7069 1079 4084 1207 
1 4 4933 4154 1111 12100 
1 14 192 3034 3132 9126 6214 173 6111 3126 6187 6041 107 9132 6038 3022 
1 7 107 6173 3098 6185 3039 11129 130 
1 9 130 9088 182 118 11067 9220 9143 6083 9108 
1 6 9108 3104 148 3179 9178 192 
1 4 192 3145 91 11050 
1 10 11050 3058 3082 6107 128 9128 11104 9064 6092 9116 
1 13 9108 6165 6125 9147 11125 124 6087 11204 11167 3107 3158 3097 9116 
1 6 9116 9140 6117 11183 3134 116 
1 9 116 3012 11088 6181 3121 9162 176 11045 9195 
2 10 130 205 9151 11040 11147 3045 11091 3182 9149 6050 
2 4 6050 6209 11278 3182 
3 4 6050 161 11082 11380 
3 8 6050 11163 35 3106 6084 6164 3141 11114 
3 5 35 9185 11188 9109 11380 
3 6 35 9193 156 3148 49 3045 
1 5 11114 9138 3007 11184 6115 
1 5 11184 11151 171 6310 383 
1 5 6310 11070 69 6028 11114 
1 6 383 3307 6412 9362 6345 6287 
1 2 6345 9279 
1 6 9279 11376 6120 11160 11327 11215 
1 5 11215 363 6148 11390 11380 
1 4 6148 242 9251 6412 
1 5 11114 9218 114 6093 156 
1 9 6093 6147 9148 6123 202 3105 3183 11118 6038 
1 7 6115 14 9174 6151 9096 11176 9296 
1 4 9296 11367 6176 53 
1 6 53 137 3192 65 6145 122 
1 6 14 9204 6080 3059 9170 6145 
1 7 6080 27 11135 11028 11113 111 3105 
1 7 3022 21 3096 9216 11100 9127 188 
1 5 188 3180 3188 9047 9170 
2 10 11787 646 679 11646 699 730 3730 3565 6586 3581 
1 4 11539 581 3550 3581 
2 5 3730 6735 713 3709 6711 
1 5 9606 11608 9640 693 6711 
1 6 6711 3694 676 11639 3676 690 
2 6 6711 6714 11676 9704 3743 9548 
2 8 9548 11550 3562 438 3483 9454 9558 11479 
2 7 11479 9468 3434 466 3410 11413 9427 
1 4 3730 3713 3731 9690 
3 3 9660 684 11646 
1 7 3636 3639 637 11605 6667 11592 11608 
1 4 9617 11603 6677 657 
1 4 9617 3663 11619 690 
1 3 3663 674 6677 
1 9 6677 3076 6706 6729 723 9716 11534 6584 9548 
1 2 3076 687 
1 3 687 3701 6727 
1 4 6706 3724 6743 11670 
1 2 6727 11670 
1 4 11670 741 754 9576 
1 5 11534 3577 414 6600 9576 
1 5 11670 3738 11703 11546 11683 
1 4 723 6747 11655 690 
1 4 723 3707 11686 754 
1 3 11683 574 11561 
2 3 11561 6423 11437 
2 7 11561 6451 3452 488 11454 3494 525 
2 8 525 504 11490 9481 476 6429 462 438 
2 8 476 9435 6480 9451 11424 434 409 3452 
1 2 9435 9576 
2 7 4640 11057 9079 496 3152 567 83 
2 6 83 3174 11291 9317 9240 9340 
3 10 9340 10323 7482 310 6459 3219 6326 6249 9323 11241 
1 3 6459 341 222 
1 6 222 3298 592 9221 6099 11057 
3 6 9340 6222 3525 3194 3319 9262 
4 5 9262 6314 3288 11265 6332 
3 6 3288 3337 6360 6296 327 3320 
2 11 3320 6340 277 11370 216 6292 342 9289 3331 9241 11241 
2 8 9289 3378 6373 6319 3507 9568 3543 525 
3 12 362 3380 3295 3230 6259 3544 6511 3458 562 3497 11430 9427 
1 7 3544 11492 9508 493 11515 17 6558 
1 4 6464 506 3586 11430 
1 4 506 584 11428 9508 
2 11 6259 6567 11385 524 12562 3521 3559 9521 9494 536 11479 
1 2 3458 3521 
2 8 11385 11274 290 3392 6546 11441 422 9558 
1 7 422 513 474 6435 6520 9493 6593 
1 4 6593 11514 9533 476 
1 3 11514 550 3543 
2 8 6593 11477 6556 6232 215 331 386 6292 
2 6 6546 9520 3496 11503 6579 215 
2 6 3393 3366 6413 9236 11216 11370 
1 3 3393 9274 327 
3 9 3393 13206 400 11357 11329 9316 6375 11245 6332 
4 3 3380 6402 6332 
1 10 11125 11164 11081 158 11121 195 66 3172 11065 3122 
1 6 3122 11126 3117 169 6066 3083 
1 4 3083 9194 9129 11105 
1 8 11105 6009 204 9183 11056 6082 9206 9100 
1 14 9206 11162 3050 6150 3187 3133 9181 11156 2998 11146 3071 6096 170 9195 
1 6 11156 6153 40 9118 11159 6106 
1 11 9195 94 9045 9055 6159 11094 11212 155 11092 6094 9118 
1 7 3107 11030 3156 6045 3073 6134 11024 
1 10 11024 6146 3185 3068 6156 6033 37 3131 52 11162 
1 3 3068 9061 9181 
1 6 6096 11096 9119 9074 9158 3156 
1 11 169 32 3025 6138 9166 11144 9219 6078 9104 193 6146 
1 6 6009 67 6163 9160 11033 9166 
1 4 9219 132 6212 158 
2 18 13213 12834 12891 12747 12858 1909 2038 2094 7959 8006 10762 10803 12742 10862 12785 1951 10919 2050 
2 10 12707 7954 7930 12838 12751 10829 2012 8015 12710 4948 
1 3 4948 7972 13213 
1 2 4989 12834 
1 9 4948 5034 7992 10875 5012 8038 8111 5046 12857 
1 5 2050 12731 12817 2056 12707 
1 14 2050 4952 8034 10831 6039 2080 8244 5139 8207 12975 2115 10968 8193 5117 
1 8 1149 4194 7066 9980 1118 1041 4047 10046 
1 8 10046 10117 12088 4057 1198 1127 4120 11954 
1 7 11954 1062 4063 10049 12025 9992 1130 
1 11 1130 4136 10120 7079 9989 11967 10061 11910 1071 4145 4076 
1 8 4076 7091 10073 7011 12004 4143 1068 10031 
1 7 7011 12049 1155 11979 4161 4088 4206 
1 4 4161 10002 12073 10099 
1 6 10031 7144 11974 12044 7073 12071 
1 5 12071 1028 1206 12771 4138 
1 3 4138 4963 12796 
1 5 12796 12826 7925 10795 12887 
1 4 12887 12800 10877 2096 
1 3 4963 7989 12725 
1 10 12725 2003 5047 5091 12766 8043 4985 8124 10777 10833 
1 4 12800 2009 12856 5010 
1 3 5010 7980 8124 
1 6 5010 4954 2040 1984 2072 12766 
1 6 5010 12714 12757 4995 2020 12991 
1 5 12991 5065 12840 10818 10891 
1 4 10833 8094 12814 10891 
1 6 12991 10928 8164 12941 10976 5210 
1 5 5210 8183 2196 8182 12944 
1 6 12989 3854 9962 2220 8144 2176 
1 5 2176 5180 12967 8201 12944 
1 6 12989 12929 5160 10962 10761 12941 
1 3 12929 8223 2096 
1 11 5117 12945 12896 4128 9986 1929 12907 4941 2220 8144 2176 
1 11 9962 1181 12847 12808 11934 3165 11108 12830 11012 5054 2080 
1 4 11108 5084 7919 5060 
1 5 5060 10739 8084 4961 7925 
1 10 7919 3181 9152 7963 8109 10820 4938 1969 1891 2056 
1 7 2123 5164 12971 2120 12935 5177 8245 
1 4 8248 5158 12958 12985 
1 9 2120 5155 2216 7872 10538 4735 12391 8202 12985 
1 6 12589 12547 4696 1833 7576 1468 
1 6 12589 10415 4528 5154 2229 2207 
1 4 1468 1494 12064 10400 
1 4 10400 5217 10525 12963 
1 5 12963 12940 7605 4879 2207 
1 4 2207 10978 12921 12985 
1 3 1494 7900 8245 
1 3 12963 1580 7872 
2 5 5074 10752 10840 1920 8073 
3 12 8073 1923 12883 2033 8092 2095 1033 12101 4115 1015 11970 4088 
3 7 4115 4017 10089 7151 7170 1074 4111 
3 2 4111 792 
1 5 4111 11919 1065 1201 4206 
1 10 12883 5037 4981 10748 8004 12870 12727 5024 10791 8051 
1 6 5024 12702 1955 8085 2089 5005 
1 5 2089 8001 10876 12046 2097 
1 7 12046 12839 12413 12316 12442 4550 4111 
1 5 12316 7513 1072 7671 12473 
1 3 12473 806 11746 
1 6 806 12029 1088 10087 1108 792 
1 4 2097 10793 8123 3916 
1 5 3916 10811 1549 12416 4512 
1 4 4512 11759 9823 7671 
1 5 5074 12821 2029 13079 2103 
1 5 2103 8002 1947 8020 10760 
1 3 10760 4993 7960 
1 6 5005 5089 8117 12832 4959 7982 
1 9 1896 12861 4943 9816 8040 2065 1922 7953 5005 
1 9 8040 1982 10922 10837 10768 8093 11671 7573 1521 
1 7 1896 12793 4901 4609 4637 4580 10768 
1 8 7982 1986 12809 12852 10890 1888 1957 1521 
1 7 1982 5067 4983 10873 10828 11249 12809 
2 5 4901 10454 12434 1536 7661 
1 10 3653 3656 6669 12441 3564 12320 6997 4660 4755 1896 
2 10 6669 9702 1599 12309 4605 11645 4477 4614 7495 7661 
1 7 10472 789 6976 9886 3979 975 9932 
1 10 975 11894 11881 6995 3967 3982 979 11883 11866 904 
1 6 11829 11811 904 3905 6908 11747 
1 8 11811 3851 947 11867 11778 9799 11848 4112 
1 5 4112 6550 8435 6864 9799 
1 6 4112 7130 10038 9941 10122 10007 
1 3 10122 12013 1005 
1 9 1005 1122 4127 4008 7026 4124 10056 11810 11746 
1 9 806 3889 6813 9912 7620 9860 11797 9868 3979 
1 6 11747 6925 9861 3870 961 11810 
1 5 6925 11792 940 6894 4127 
1 10 7130 6992 3927 11796 3856 3983 6877 3907 11784 11747 
1 9 11747 804 3862 3964 6977 9777 3950 6919 9868 
1 7 9860 876 10399 9858 11880 7470 6935 
1 4 6935 7604 4755 1896 
1 5 4512 10497 12318 864 6935 
1 3 864 12476 10811 
1 3 3653 7454 789 
1 3 10472 12376 7470 
2 9 10404 7168 7128 9997 11918 7159 7502 12483 7097 
1 6 9997 10121 11941 1047 7108 10062 
1 9 1070 4160 7135 11981 7039 9963 11938 7152 1047 
1 7 7137 10050 12023 7044 1087 4092 11941 
1 3 7044 4152 7168 
1 7 7137 1469 4121 9948 7015 12048 4075 
1 2 4075 1185 
1 9 1469 4656 10459 1625 7606 7446 8023 4559 7965 
1 3 7606 4192 4504 
1 6 4504 4532 7549 7521 10039 10404 
2 5 4504 10819 11972 4431 6999 
2 4 6999 7240 4925 12141 
3 7 4431 4141 9939 10822 4896 7279 7101 
4 8 4619 12467 4130 12086 7434 7101 10517 7097 
5 8 7097 1640 11988 7653 3992 1628 1036 4619 
1 5 7240 2030 12274 7256 531 
1 5 2030 11865 7948 10757 7434 
1 7 8049 5007 7301 7406 7418 10144 7948 
1 5 8049 7208 1034 4634 1519 
1 12 4634 7571 1575 5007 12713 5092 4547 4519 4009 9934 7167 4619 
2 13 1519 10421 1180 1139 4144 11933 12069 10072 1069 12045 4071 7089 10000 
3 16 10000 4157 9971 1029 4082 7142 7181 4148 11913 1099 1171 11937 10044 1153 7637 1628 
1 2 4619 7637 
1 4 1153 4185 4038 3992 
1 7 4038 11961 1138 1193 1166 7027 4196 
1 10 7027 11986 7071 10010 10093 9938 9978 7067 4050 7108 
1 16 4196 4169 1094 7086 1055 4013 1168 10058 9974 7058 1096 11991 7191 10101 4105 1099 
4 9 11913 11982 1089 10076 12052 7014 12076 4042 7191 
3 4 1089 9953 4091 11928 
1 11 1029 7200 12055 7025 4010 10098 4066 10364 1004 1603 4547 
1 6 10098 7126 10434 4158 9959 7637 
1 9 3992 4083 7172 7199 1053 11945 1162 1202 7108 
1 9 8049 12156 10733 2006 4295 531 2045 1367 4925 
1 7 12141 10841 4999 12837 12724 4407 5102 
1 6 10750 4536 1882 8104 12837 4999 
1 6 4536 12815 10817 10903 7988 12837 
1 11 10817 10787 4403 5193 12882 556 1985 3745 10880 4986 12706 
1 3 10880 12356 7208 
1 9 1519 12344 4469 10507 12432 7158 828 7545 11752 
1 7 12706 3427 10451 7631 10424 12403 7545 
3 6 828 1590 6904 9843 11822 10068 
3 8 10068 4137 11944 12093 4089 12074 1184 10000 
2 4 10000 4186 10018 4205 
2 4 1069 1084 10119 11944 
1 6 8121 4994 5033 10741 8041 4407 
1 4 8121 12807 10910 4987 
1 6 4987 5310 12338 8010 2014 5033 
1 4 4987 10878 10361 4516 
1 7 4516 4544 7593 7662 4616 11929 11968 
1 3 7593 4204 4245 
1 5 7662 10443 10389 10349 8010 
1 11 7408 1427 7587 4319 4566 7559 7312 1253 4293 12127 1330 
1 5 7559 7572 10398 1357 12373 
1 8 12373 12388 12195 12264 10293 1244 7292 1353 
1 3 1244 7225 7408 
1 8 1427 12122 12220 4388 1308 1281 12201 4312 
1 11 1308 4388 4275 12292 1385 1315 7295 12125 1403 4336 12127 
1 3 1315 4348 4319 
1 10 11968 12010 9991 1142 12090 1014 1333 12284 12197 1330 
1 9 12090 4147 7190 7163 12335 10486 12464 1082 4425 
1 4 4425 4996 12898 7965 
1 8 12464 7469 1492 4585 4626 4654 12317 1253 
1 8 4585 1607 7647 4175 7974 4568 7103 10456 
1 3 1607 7603 4175 
1 8 4568 12433 12392 12319 1114 1653 12282 7446 
1 7 10349 7455 1116 12322 1197 1934 4996 
1 8 2086 4915 5086 12137 5055 12786 10751 4516 
1 8 9975 7165 8076 12080 2105 11995 4953 10801 
1 8 10801 8120 12480 7497 12307 12035 1444 4204 
1 5 12137 4045 5096 4410 10801 
1 6 2086 2054 4971 12829 12092 9975 
1 5 9975 4064 1147 4003 3456 
1 8 7982 2039 13082 4891 12774 7917 1179 3456 
1 6 3456 10108 7084 1971 7903 10139 
1 5 10139 8106 10173 12717 12763 
1 4 10139 9084 10887 10905 
1 6 9084 10066 10772 2002 12868 2086 
1 4 2086 2032 12708 1129 
1 5 12763 1910 10905 7316 1129 
1 7 1129 3989 1898 10825 10910 12807 8121 
1 17 10905 2041 10821 5087 2015 12119 1766 4923 4467 12581 10187 1459 10660 10530 10408 1825 12583 
1 4 1825 1675 5062 12119 
1 6 1573 10671 1919 12430 12581 4467 
1 3 1521 12333 8099 
1 8 8099 10357 4482 5003 4549 7584 10852 10737 
1 3 10737 10826 12763 
1 3 4549 1632 1573 
1 5 12809 12895 1948 4949 2078 
1 5 2078 1995 7984 12877 7584 
1 7 4949 5020 5105 10813 10735 7084 4382 
1 5 4382 1980 10847 12886 12829 
1 7 1349 10270 4353 5063 12226 10324 8087 
1 8 8087 4472 12114 7428 7372 7090 11978 12462 
1 3 8087 11950 10511 
1 7 12462 10116 10088 12063 4104 4062 4245 
1 6 10511 10171 12490 12420 12854 10801 
1 6 9975 11952 7150 4187 7013 1349 
1 5 1349 12269 7232 4395 1273 
1 6 4395 7250 10799 5032 8100 8011 
1 7 8011 10808 8067 10246 4416 7265 4327 
1 4 10246 12164 10149 10278 
1 8 10278 12180 10152 1430 4321 7340 4280 7428 
1 5 10799 10756 10296 4365 4321 
1 10 1353 4359 7404 7432 10317 4223 12133 1423 1396 4401 
1 7 4401 12232 10232 12204 1285 10162 4405 
1 12 1423 12288 12260 4330 7645 10453 1563 1374 1548 12402 10425 12388 
1 6 1563 1577 4363 1400 12109 4405 
1 10 12297 7280 1302 4379 10309 10137 4255 1300 4334 4405 
1 7 12297 10326 1390 12332 1464 10384 1357 
1 4 10456 10496 1507 1464 
1 5 12297 4397 10016 11936 1185 
1 5 12433 7218 9961 9988 4397 
1 15 4312 1337 4371 7236 12131 1279 7329 12199 4355 7399 12271 4367 10313 12299 12113 
1 11 7236 12131 4297 4310 1364 4384 10297 4412 7427 4424 12299 
1 11 1648 4652 7673 12302 7327 12181 12343 12212 1373 4364 12268 
1 8 7381 12249 1386 7223 12277 12293 4390 4608 
1 7 7381 10279 1342 12165 1246 12296 12268 
1 3 1316 1304 1208 
1 8 1208 12905 4216 7443 2117 8091 10269 7371 
1 6 7371 1335 12243 7415 1404 10325 
1 5 10237 4323 1252 7231 10325 
1 8 12371 10423 12400 12240 1389 4393 7614 12154 
1 6 4329 4289 7409 12931 12193 12154 
1 18 4241 7445 12217 12160 12188 1293 4269 1224 4373 1340 1311 4228 12279 1372 10306 12236 10236 10265 
1 4 10265 7323 10165 1415 
1 5 1415 12253 10167 10298 12213 
1 5 12068 12027 11959 7214 7186 
4 7 1182 9998 7157 7087 12097 13246 10125 
4 4 10125 4142 13247 13252 
4 8 13252 13249 12031 7212 11946 1092 10052 11985 
1 2 13249 1136 
2 4 1136 1067 13280 4142 
3 3 13249 11960 13280 
3 3 1067 11960 13247 
2 4 9950 7110 1025 11985 
2 6 7110 10020 11925 12006 11949 4102 
2 2 11925 10092 
1 6 4142 4054 1051 1133 7113 13252 
3 8 1182 13264 4100 7016 4118 1024 13253 13254 
1 4 1117 4122 1113 7016 
2 5 1117 12007 10128 13245 10032 
1 3 1067 7102 10032 
2 6 1117 11930 4067 1063 9865 6873 
2 9 6873 6994 9859 11847 13255 9807 12056 7169 13254 
1 6 12007 13242 11908 13263 13244 9998 
1 5 7087 4069 7187 4172 7102 
1 4 10125 7187 13266 13242 
1 5 3962 7532 10444 10512 12421 
2 5 4056 12060 1054 12085 11948 
3 7 4056 4086 1081 11977 7204 7221 7125 
2 4 11977 4126 10110 11948 
2 8 11977 10115 9936 7021 1148 11958 4004 7125 
3 5 4052 10065 7070 12040 7125 
2 8 4052 7171 11770 6928 3981 3852 6922 959 
2 3 6928 848 11958 
3 7 959 6822 898 6944 11879 3977 957 
2 9 957 6961 9895 11904 11745 6833 837 11765 664 
3 5 664 6684 3787 6838 3977 
3 7 4052 9790 912 11835 6981 9854 964 
3 7 1150 6851 6918 964 892 987 11771 
2 10 11771 11808 887 3888 9803 11781 800 861 3803 6822 
3 11 11771 6951 11815 9835 6837 11886 9905 3830 900 6969 9843 
3 5 11886 3900 1052 12043 10068 
1 5 11752 7674 12348 10363 7578 
1 10 12348 10499 3978 1508 12478 3877 11836 9831 846 11808 
1 4 3877 9927 3934 9835 
1 6 9831 4642 4572 11744 7523 10433 
1 7 7523 11864 9913 946 11850 9841 861 
1 7 7523 7652 4633 4561 1627 7812 1811 
1 5 7578 1811 1743 4745 4852 
1 8 4852 10567 1847 12618 1588 4506 7582 7652 
1 9 12618 12548 1693 1732 10368 12342 12443 12500 664 
1 5 10433 4649 10379 1545 10368 
1 6 10379 7670 12482 6811 783 3977 
1 8 6969 881 11801 6937 972 7575 10426 1508 
1 8 10750 10490 12732 1630 3742 8081 10854 12706 
1 11 10750 10796 10834 10865 2074 12864 10885 8086 5016 7790 2015 
1 12 12864 5736 12524 1838 4843 1781 4786 10689 12669 4729 12686 4801 
1 11 4801 12605 1859 10623 12649 10597 1877 1676 10627 4680 7731 
1 5 12669 12539 10629 4960 12706 
1 6 12669 10632 4856 4655 12448 11752 
1 7 12686 1787 12612 10575 10647 12629 1743 
1 10 12686 10704 1725 12614 12544 10563 1774 4849 4823 7693 
1 13 1676 12695 7843 4751 7693 12590 1844 1783 7850 12526 1703 4828 12119 
1 7 1774 7737 4788 12656 10545 7792 12864 
1 5 1781 10560 1855 7870 1774 
1 8 1781 7727 4783 10899 12750 8127 3742 1985 
1 8 4801 4862 12533 12665 4792 10612 7743 4745 
1 9 7731 12625 7703 4882 1791 7676 7717 10554 4862 
1 7 7798 10553 10581 1861 7859 4864 12406 
1 5 7798 4776 12932 12924 12910 
1 15 12910 7567 5225 8186 8220 5183 5197 12948 2191 10969 8200 10949 10983 2157 1652 
1 13 7669 4415 10316 1217 7457 4462 7481 1514 12957 2187 7538 12382 7566 
1 7 7564 10445 10458 1611 7450 7520 12406 
1 6 7566 4560 12411 7610 5198 10941 
1 6 7564 10430 7592 1570 2116 10941 
1 6 2116 12934 2114 2146 2155 4776 
1 11 2197 8204 12632 1814 4804 12617 7783 1713 7887 1565 4543 
3 3 9100 9150 3151 
3 6 3151 6174 9097 11186 104 4640 
2 9 222 3333 6242 9254 9331 320 9234 11109 6154 
3 5 6174 6197 117 71 6154 
2 9 6154 6035 3110 11174 57 152 3142 9082 6106 
2 4 11241 6293 11234 9331 
2 4 11241 11353 3247 306 
2 7 306 3362 6273 9399 3279 6303 11349 
3 6 11349 11326 366 9302 3391 6380 
3 5 6245 9256 344 3259 6380 
3 6 6380 9378 9278 6356 252 121 
3 6 6380 6414 9348 6290 6396 6262 
3 10 11375 6299 9360 6362 3202 214 6316 11362 301 6380 
2 5 9355 9411 11242 3292 6262 
2 4 3335 6411 9384 9355 
2 6 3335 3226 352 6243 3297 306 
2 4 11349 9343 3215 6245 
2 6 9256 9046 9144 11039 6101 121 
2 9 121 3220 3190 6215 9159 11239 6370 9389 11375 
2 10 6362 3387 3275 397 11314 11379 9330 9266 6333 6262 
2 11 525 489 3568 546 9288 6344 6233 11271 6354 223 306 
2 3 6354 11220 11241 
1 8 11437 11405 3399 429 6776 6474 6505 9461 
1 6 6474 3466 502 6530 3531 418 
1 7 418 6481 6543 3580 9260 9328 9355 
1 6 3335 3364 343 238 6589 546 
1 9 488 9491 9519 559 11504 511 6578 11397 418 
2 8 3686 705 3722 568 737 3573 588 11405 
1 3 737 3755 11683 
2 7 3686 6704 9677 9680 6741 11729 3734 
1 9 3653 772 11599 11617 11647 9663 3698 717 719 
1 3 719 11668 6741 
1 12 3734 6768 9709 9726 11696 11678 731 6750 11693 745 742 3726 
2 9 3726 6748 700 6701 3668 4463 7624 4458 7495 
1 6 700 6730 683 11632 6702 9647 
1 4 3726 6758 757 9753 
2 9 9753 6620 11429 9455 6486 6516 520 11474 3529 
1 3 9417 11434 9461 
1 8 9417 11403 3464 6490 6503 9474 6527 3529 
1 5 3734 3752 765 11559 9417 
2 20 11474 3529 9504 533 11501 9540 6566 9565 6591 11412 11475 3527 413 6341 6398 6230 6279 9313 6315 6262 
1 7 3529 3555 6602 6506 9475 6539 3578 
1 10 3578 483 3477 326 3316 6366 6394 9365 9243 11225 
2 8 11375 6327 9325 3383 3282 9259 3315 6338 
1 7 11225 9299 11319 3382 11339 372 6338 
1 10 6106 9082 60 6073 11083 3085 129 6056 6167 6101 
1 11 129 3124 11189 6097 3157 72 9130 3130 11171 312 3338 
1 9 72 9202 9110 174 3099 143 6077 3091 9159 
1 6 9055 11038 3092 9248 3168 312 
2 10 372 3365 3214 10301 9385 6368 6246 6285 291 1278 
2 6 6246 7403 206 12626 4372 7375 
2 13 1278 1305 4354 1378 1210 1406 4261 4215 10256 7328 1334 12157 9292 
2 5 9292 1327 1292 10542 4209 
2 4 10542 12106 307 1821 
2 6 7375 11228 237 4758 12567 1821 
1 7 4261 7341 4394 12294 1314 4227 7354 
1 12 12294 1371 12108 12163 12474 13207 12454 10435 10395 1479 4488 7486 
1 6 12294 12179 1247 12235 11591 9453 
1 6 8099 7618 12465 1576 4618 4488 
1 5 8099 12491 7635 10348 13207 
1 5 7354 7392 10275 12177 1312 
1 7 1459 10601 7777 10366 4636 4578 7486 
1 4 7486 4581 7243 7354 
1 5 1312 10508 7597 12397 10366 
1 7 1312 1382 4595 12385 4773 10146 1591 
1 2 12583 4773 
2 6 4595 1402 1239 7332 4764 10680 
1 3 1591 1840 12526 
2 4 10680 12662 1708 1844 
2 13 4215 7281 7233 10140 12143 1303 4337 7383 7326 4281 10239 4232 4333 
2 7 4209 12521 4780 10600 12652 1709 10696 
2 7 4333 7407 10292 10161 10653 12635 12662 
1 6 12143 10312 1363 7357 10170 1292 
2 6 10696 1800 4670 7317 1375 4333 
1 8 4670 1309 12619 1418 1229 12285 12115 10312 
2 11 10696 12546 12616 10202 7708 4661 12594 7890 12427 1749 7693 
2 6 10696 12679 1733 1860 7825 7274 
2 9 7274 10652 4665 12631 10580 12563 4690 10646 10627 
2 6 7890 10531 4781 1702 4711 4690 
2 7 12563 4818 7713 10562 10661 12540 4797 
2 5 4797 1762 4837 10528 7835 
1 3 7703 1810 10661 
2 12 7835 10658 7736 7854 10565 12556 4832 12543 7851 10678 12657 7763 
2 7 10658 7751 12641 4677 4719 7697 4852 
3 12 7763 4725 10655 7801 10722 7672 4805 12189 10466 11643 6686 664 
2 8 6833 11626 6715 3739 3753 11719 11575 9604 
2 5 9604 4404 7309 4841 7868 
2 6 7868 10571 4290 12263 12192 12189 
2 8 4805 12261 4246 1802 12654 1739 4731 10678 
1 6 7868 1742 1755 1820 1322 12446 
2 4 4719 12622 10559 4832 
3 4 12364 1555 4573 7621 
3 4 7621 1624 4643 1639 
3 6 12364 10402 10390 10375 7550 5219 
3 4 12364 10515 1449 2172 
3 4 1639 1596 12998 7550 
3 5 7550 5184 10985 5163 2172 
2 6 2172 5213 2106 12922 2209 10973 
2 3 12922 12943 10944 
3 7 2172 8169 2208 10965 11001 5146 12994 
2 4 10965 10944 8203 10973 
3 6 5219 11021 2215 10992 650 8222 
2 4 8222 12984 5121 12954 
2 10 12954 5169 5118 2161 10961 8198 8218 5201 5209 11009 
2 6 5169 2199 12306 2149 12494 1639 
2 8 12494 12321 10981 12349 10953 12952 5173 5201 
2 7 8222 5191 8194 5228 11000 5171 12994 
2 7 5228 5192 8253 12978 8255 13000 2172 
2 5 5219 12970 2158 2136 8253 
2 3 8253 8195 11001 
1 3 10973 11023 2152 
2 5 2152 2173 12964 8187 2172 
2 4 2152 12901 4587 1583 
2 6 8187 10943 12453 10502 12496 10362 
2 6 10362 12336 10347 7638 4436 10447 
2 9 10447 12396 4548 10405 4533 8181 7553 5167 5112 
2 6 5112 10513 10947 11008 11003 1583 
2 2 10513 10432 
2 4 10980 5172 10432 5112 
1 6 2152 2194 11007 12466 1529 4548 
1 7 12466 5110 1585 4575 12440 12468 10502 
1 3 12466 5178 4587 
3 11 8203 2160 12973 10996 8211 12917 8191 5166 12953 2225 12997 
2 6 12973 12902 8189 12951 2181 1583 
1 2 12951 11023 
1 4 2181 5115 12987 12959 
1 5 7476 2167 7636 12937 2181 
1 4 7476 12938 4570 10999 
1 5 10980 8190 12996 2153 10999 
1 6 10999 8196 11002 10419 8197 10946 
1 5 10946 8143 10998 10939 5168 
1 6 5107 8179 2175 10933 2227 5168 
1 6 12853 5220 12933 2228 2132 5107 
2 7 12994 8217 5131 13086 2210 5202 2225 
2 5 13086 13195 5230 8225 10996 
1 6 13195 8157 12930 10987 5229 10944 
1 4 8191 8160 2226 8213 
1 5 12997 12983 5190 8199 2156 
1 3 2156 5120 8252 
1 4 2156 10942 8149 8213 
1 3 8252 8047 7991 
1 4 8149 10888 12798 8047 
1 5 8149 12869 12770 12729 10792 
1 9 7991 7936 10494 4969 10482 7630 7617 4624 4611 
1 3 7936 10790 10747 
1 3 10747 5026 10792 
1 4 5026 5056 8024 8113 
1 6 8024 4942 10855 1997 12772 1944 
1 6 1944 8056 1937 12790 10864 4969 
1 8 8113 7968 10912 10823 1981 12716 4982 12828 
1 9 4611 12878 13087 13092 12738 12865 8017 13085 10842 
1 5 10842 10886 12823 13093 12865 
1 3 13085 2077 4965 
1 4 12865 10728 1988 13087 
1 5 10842 12753 8236 10773 10730 
1 6 10773 10889 2021 12867 4904 4965 
1 3 10730 5066 8032 
1 3 1965 8089 10773 
1 5 10889 12810 10732 7913 2011 
1 5 1965 12755 4887 13089 12746 
1 3 8032 2051 12746 
1 4 2011 2008 5052 12746 
1 4 12746 12873 10895 8057 
1 5 10732 8079 5021 13088 5015 
1 7 5015 10769 12835 7973 8003 10871 8057 
1 7 8057 1945 4977 4908 10848 2069 12833 
1 3 1892 13216 12833 
1 5 1892 12859 7964 8119 12736 
1 5 2069 8012 5071 10809 8097 
1 5 8097 2037 12897 10800 7973 
1 5 12897 2104 12811 2060 10769 
1 7 5015 12369 6785 2042 4884 12410 10337 
1 7 10337 12341 5022 6798 8064 1998 12720 
1 3 12720 10894 8097 
1 3 12811 12728 6798 
3 8 1892 12461 1562 7517 11757 9814 11859 6881 
3 5 6881 986 3840 9637 9671 
2 10 9671 3678 6699 9713 11658 677 6681 6757 9730 610 
1 11 610 3644 505 11495 12281 4380 12211 10183 10271 7386 7315 
1 5 7315 10157 4428 1408 1393 
2 11 12720 8070 3883 10914 4796 7747 1793 11814 4727 823 11757 
1 8 12720 10867 2102 12627 10588 1827 7780 4723 
1 7 4723 4794 4820 10587 1767 10706 7883 
1 6 7883 4759 12685 1870 4790 4872 
1 12 7883 4863 10624 10593 1857 1854 4838 1832 1690 10327 12214 7315 
1 13 4794 10711 7688 7888 10582 9695 12607 10625 12134 10159 3588 781 610 
1 11 6699 1601 4607 12399 10591 10651 4865 4668 10535 3869 1827 
1 3 9616 10556 9695 
1 6 9616 12553 7865 12183 3513 12211 
1 7 10556 1789 10672 12651 7814 4610 4820 
1 4 1793 853 3834 8012 
1 3 3834 7920 10914 
2 9 10337 1500 12313 4507 4535 12398 7552 7524 4464 
1 3 5022 10861 3960 
1 6 3960 9920 1915 12848 12893 10867 
1 7 3960 2082 11743 9822 10798 11802 4740 
2 7 4740 4811 9802 1564 1441 1621 4569 
1 8 4820 1747 3750 12620 12667 1867 9880 1866 
1 8 7780 11772 4830 10606 3708 12586 9892 1770 
1 3 12667 10595 12586 
2 6 12586 10676 4757 7834 10717 1564 
1 5 12627 1738 4586 10340 4740 
2 10 11743 8025 7945 7485 1503 4522 7555 7599 1453 7552 
2 13 10798 5103 6803 12778 12489 4444 1646 7464 10753 10192 12803 9996 12384 
3 8 4569 7831 954 4402 12670 12501 10824 10192 
1 9 4464 7668 7480 10520 10352 10380 10407 1556 1572 
1 10 1572 12381 1480 11975 1547 7202 10047 11927 1019 1132 
1 6 12384 638 7118 10465 1547 7202 
1 6 1572 12439 866 10489 9834 1843 
1 6 1843 1913 12752 7388 1584 1556 
1 11 12670 8083 10657 913 8014 10468 12445 7045 11783 6943 9876 
1 4 1132 4168 6943 788 
1 13 788 11738 11841 10343 7646 7588 6971 7547 9727 12568 4988 6974 4402 
1 15 1408 4413 7753 7677 12578 7820 1262 7718 10552 3769 12603 1788 1848 12145 4790 
2 7 1866 4807 1831 1560 12456 12357 9450 
2 7 1770 12418 7306 10478 11589 12312 9450 
2 7 4569 12305 10457 12497 7611 12368 9450 
3 7 9450 6713 11641 695 691 11656 6710 
3 4 11656 3685 9825 6890 
2 3 9825 3853 6855 
2 6 6855 11760 11776 831 9796 1595 
2 5 1595 12437 1604 7626 12305 
1 5 1870 12597 12693 6827 1866 
2 5 6890 882 3687 6707 11654 
3 7 11738 3823 873 3957 6984 3824 6845 
4 4 6845 11782 6882 3878 
3 4 3878 9847 6909 9832 
2 8 9832 11830 3906 6732 3712 3732 7462 12459 
1 12 11654 734 3733 3747 9708 9721 11722 10381 4445 10481 6719 7462 
2 7 9708 6717 894 862 11785 822 6984 
2 9 6855 827 9808 11800 880 12405 6872 6885 11785 
2 3 3687 6705 11800 
1 8 6710 9724 9667 9711 722 774 3763 3775 
1 3 3763 749 11654 
1 7 3775 6797 9580 11567 3605 6625 3778 
1 5 6625 4270 7345 11662 10381 
1 2 4270 4345 
1 3 3778 1341 4345 
1 9 3778 3635 3661 9634 6676 6510 9467 12278 12582 
1 11 12597 12588 1734 7776 1849 9678 10599 4854 751 5205 12582 
1 8 1734 6767 7899 4775 10718 777 602 12582 
1 5 7899 1769 4875 1873 4790 
1 4 4345 9601 7291 12149 
1 9 12459 1338 1619 4342 4285 1424 7304 7644 7361 
1 7 12149 7433 1284 12291 4362 634 4342 
1 6 6510 3640 11728 9585 6607 3775 
