1 53 
1 121 
1 122 
1 130 
1 156 
1 158 
1 188 
1 192 
1 200 
1 222 
1 242 
1 271 
1 306 
1 321 
1 351 
1 362 
1 383 
1 391 
1 413 
1 418 
1 422 
1 444 
1 476 
1 489 
1 495 
1 512 
1 514 
1 516 
1 525 
1 540 
1 575 
1 587 
1 620 
1 657 
1 658 
1 663 
1 664 
1 673 
1 678 
1 688 
1 690 
1 692 
1 732 
1 740 
1 743 
1 758 
1 764 
1 788 
1 819 
1 849 
1 853 
1 883 
1 925 
1 940 
1 949 
1 957 
1 959 
1 972 
1 1005 
1 1025 
1 1047 
1 1068 
1 1070 
1 1092 
1 1116 
1 1117 
1 1126 
1 1130 
1 1132 
1 1136 
1 1145 
1 1149 
1 1182 
1 1208 
1 1273 
1 1278 
1 1311 
1 1312 
1 1316 
1 1330 
1 1349 
1 1374 
1 1393 
1 1415 
1 1459 
1 1468 
1 1521 
1 1572 
1 1573 
1 1576 
1 1583 
1 1591 
1 1595 
1 1599 
1 1652 
1 1747 
1 1770 
1 1774 
1 1781 
1 1814 
1 1821 
1 1827 
1 1843 
1 1854 
1 1866 
1 1870 
1 1892 
1 1896 
1 1965 
1 1984 
1 1985 
1 2009 
1 2015 
1 2050 
1 2077 
1 2078 
1 2086 
1 2096 
1 2097 
1 2103 
1 2114 
1 2115 
1 2123 
1 2149 
1 2152 
1 2172 
1 2176 
1 2197 
1 2207 
1 2210 
1 3022 
1 3068 
1 3083 
1 3122 
1 3134 
1 3151 
1 3152 
1 3156 
1 3230 
1 3262 
1 3273 
1 3288 
1 3320 
1 3326 
1 3335 
1 3338 
1 3369 
1 3379 
1 3392 
1 3393 
1 3501 
1 3522 
1 3529 
1 3535 
1 3544 
1 3552 
1 3569 
1 3578 
1 3581 
1 3585 
1 3652 
1 3663 
1 3686 
1 3730 
1 3734 
1 3780 
1 3790 
1 3796 
1 3816 
1 3838 
1 3844 
1 3877 
1 3878 
1 3882 
1 3916 
1 3938 
1 3945 
1 3953 
1 3957 
1 3960 
1 3962 
1 3969 
1 3992 
1 4052 
1 4075 
1 4076 
1 4098 
1 4102 
1 4109 
1 4111 
1 4112 
1 4115 
1 4130 
1 4135 
1 4138 
1 4159 
1 4195 
1 4205 
1 4206 
1 4241 
1 4245 
1 4285 
1 4312 
1 4327 
1 4329 
1 4333 
1 4401 
1 4405 
1 4425 
1 4464 
1 4504 
1 4512 
1 4516 
1 4543 
1 4547 
1 4569 
1 4608 
1 4611 
1 4619 
1 4640 
1 4652 
1 4670 
1 4696 
1 4719 
1 4740 
1 4797 
1 4801 
1 4820 
1 4852 
1 4865 
1 4872 
1 4901 
1 4925 
1 4927 
1 4933 
1 4948 
1 4965 
1 4982 
1 4987 
1 5010 
1 5015 
1 5033 
1 5060 
1 5102 
1 5107 
1 5112 
1 5117 
1 5121 
1 5210 
1 5219 
1 5230 
1 6050 
1 6103 
1 6106 
1 6115 
1 6154 
1 6232 
1 6245 
1 6262 
1 6282 
1 6296 
1 6332 
1 6336 
1 6338 
1 6377 
1 6380 
1 6384 
1 6389 
1 6449 
1 6464 
1 6474 
1 6510 
1 6521 
1 6558 
1 6583 
1 6593 
1 6606 
1 6613 
1 6626 
1 6631 
1 6657 
1 6666 
1 6706 
1 6710 
1 6711 
1 6727 
1 6732 
1 6766 
1 6780 
1 6788 
1 6813 
1 6845 
1 6855 
1 6873 
1 6890 
1 6906 
1 6923 
1 6948 
1 6983 
1 6995 
1 6999 
1 7011 
1 7014 
1 7069 
1 7071 
1 7081 
1 7084 
1 7097 
1 7101 
1 7125 
1 7132 
1 7137 
1 7183 
1 7186 
1 7191 
1 7202 
1 7236 
1 7274 
1 7312 
1 7315 
1 7329 
1 7341 
1 7354 
1 7361 
1 7371 
1 7375 
1 7381 
1 7394 
1 7408 
1 7432 
1 7476 
1 7545 
1 7552 
1 7564 
1 7566 
1 7572 
1 7578 
1 7588 
1 7603 
1 7617 
1 7635 
1 7661 
1 7669 
1 7693 
1 7798 
1 7835 
1 7868 
1 7883 
1 7936 
1 7960 
1 7965 
1 7982 
1 7992 
1 8004 
1 8010 
1 8011 
1 8017 
1 8032 
1 8038 
1 8040 
1 8051 
1 8057 
1 8085 
1 8087 
1 8097 
1 8113 
1 8121 
1 8124 
1 8189 
1 8198 
1 8199 
1 8213 
1 8244 
1 8245 
1 8248 
1 8252 
1 8253 
1 9082 
1 9100 
1 9108 
1 9116 
1 9140 
1 9166 
1 9195 
1 9262 
1 9279 
1 9289 
1 9292 
1 9296 
1 9297 
1 9303 
1 9331 
1 9340 
1 9347 
1 9355 
1 9379 
1 9417 
1 9427 
1 9434 
1 9450 
1 9451 
1 9453 
1 9458 
1 9491 
1 9503 
1 9508 
1 9517 
1 9548 
1 9570 
1 9576 
1 9596 
1 9616 
1 9647 
1 9648 
1 9660 
1 9671 
1 9737 
1 9753 
1 9764 
1 9783 
1 9793 
1 9805 
1 9809 
1 9814 
1 9817 
1 9833 
1 9843 
1 9853 
1 9860 
1 9876 
1 9902 
1 9904 
1 9907 
1 9909 
1 9914 
1 9932 
1 9943 
1 9945 
1 9950 
1 9962 
1 9974 
1 9975 
1 9979 
1 10007 
1 10032 
1 10046 
1 10062 
1 10074 
1 10076 
1 10092 
1 10098 
1 10099 
1 10125 
1 10139 
1 10237 
1 10265 
1 10278 
1 10297 
1 10325 
1 10337 
1 10362 
1 10368 
1 10395 
1 10400 
1 10404 
1 10447 
1 10456 
1 10472 
1 10507 
1 10511 
1 10513 
1 10552 
1 10601 
1 10627 
1 10647 
1 10678 
1 10680 
1 10696 
1 10717 
1 10737 
1 10747 
1 10750 
1 10760 
1 10792 
1 10801 
1 10817 
1 10837 
1 10862 
1 10889 
1 10891 
1 10899 
1 10905 
1 10941 
1 10946 
1 10953 
1 10973 
1 10980 
1 10987 
1 11001 
1 11009 
1 11024 
1 11064 
1 11105 
1 11114 
1 11125 
1 11202 
1 11215 
1 11225 
1 11241 
1 11293 
1 11349 
1 11370 
1 11372 
1 11375 
1 11380 
1 11405 
1 11414 
1 11437 
1 11465 
1 11479 
1 11483 
1 11506 
1 11519 
1 11539 
1 11542 
1 11544 
1 11560 
1 11561 
1 11564 
1 11577 
1 11581 
1 11584 
1 11586 
1 11654 
1 11657 
1 11666 
1 11670 
1 11683 
1 11707 
1 11747 
1 11773 
1 11800 
1 11805 
1 11818 
1 11825 
1 11829 
1 11833 
1 11834 
1 11837 
1 11910 
1 11913 
1 11928 
1 11932 
1 11934 
1 11944 
1 11945 
1 11954 
1 11957 
1 11965 
1 11968 
1 11969 
1 11977 
1 11981 
1 11998 
1 12038 
1 12049 
1 12068 
1 12071 
1 12090 
1 12100 
1 12134 
1 12137 
1 12143 
1 12149 
1 12154 
1 12189 
1 12211 
1 12213 
1 12268 
1 12292 
1 12297 
1 12299 
1 12319 
1 12320 
1 12333 
1 12364 
1 12371 
1 12373 
1 12384 
1 12406 
1 12446 
1 12459 
1 12462 
1 12466 
1 12473 
1 12501 
1 12563 
1 12582 
1 12583 
1 12589 
1 12594 
1 12618 
1 12665 
1 12669 
1 12706 
1 12707 
1 12720 
1 12725 
1 12727 
1 12736 
1 12738 
1 12763 
1 12766 
1 12774 
1 12790 
1 12796 
1 12823 
1 12832 
1 12853 
1 12857 
1 12864 
1 12883 
1 12887 
1 12910 
1 12917 
1 12941 
1 12944 
1 12959 
1 12963 
1 12973 
1 12985 
1 12989 
1 12991 
1 12997 
1 13087 
1 13089 
1 13252 
1 13254 
1 13264 
