
state={
	id=351
	name="STATE_351"

	history={
		owner = SOV
		buildings = {
			infrastructure = 3

		}
		add_core_of = SOV

	}

	provinces={
		23 72 75 84 106 135 143 174 183 2996 3056 3064 3079 3087 3091 3099 3135 3157 3164 3166 3175 6075 6077 6088 6091 6100 6112 6113 6119 6158 6166 6180 6190 6193 6199 9043 9101 9110 9113 9124 9133 9136 9199 9200 9202 9210 9213 9222 11027 11035 11061 11074 11075 11086 11095 11143 11177 11180 
	}
	manpower=1352100
	buildings_max_level_factor=1.000
	state_category=town
}
